0,454
0,453
0,452
0,451
48,4
48,3
48,2
48,1
48,0
0,450
47,6
47,5
47,4
47,3
47,2
47,1
47,0
46,4
46,3
46,2
46,1
46,0
45,4
45,3
45,2
45,1
45,0
44,5
44,4
44,3
44,2
44,1
44,0
0,449
0,448
0,447
0,446
0,445
0,444
0,443
0,442
0,441
0,440
0,439
0,438
0,437
43,4
43,3
43,2
0,436
43,1
43,0
0,435
0,434
42,6
42,5
42,4
42,3
42,2
0,433
42,1
42,0
0,432
0,431
41,4
41,3
41,2
0,430
41,1
41,0
0,429
0,428
40,4
40,3
40,2
0,427
40,1
40,0
0,426
0,425
39,5
39,4
39,3
39,2
0,424
39,1
39,0
0,423
0,422
0,421
0,420
0,419
0,418
0,417
0,416
0,415
0,414
0,413
0,412
0,411
0,410
0,409
0,408
0,407
38,4
38,3
38,2
0,406
38,1
38,0
0,405
0,404
37,6
37,5
37,4
37,3
37,2
0,403
37,1
37,0
0,402
0,401
36,4
36,3
36,2
0,400
36,1
36,0
0,399
0,398
35,4
